#Parameter	ValAtMax	5	10	20	30	40	50	60	70	80	90	95
a	0.17171717171717174	0.1564012566030645	0.1600779867576648	0.16759734180298233	0.1699024238702449	0.17303108294892558	0.1771600378467276	0.18798579483591096	0.21773687579621362	0.2478618205302309	0.2787938657553397	0.29407166066964663
b	0.19191919191919193	0.17392370267570006	0.17858168258383383	0.18855391535897884	0.190811510354234	0.19429263450858175	0.1995717374281562	0.21288275326474984	0.2482130324861645	0.2817545198229964	0.31588736152962527	0.3345982113728649
Abcc9	1.921921921921922	0.6097793104943771	0.7800798174293705	1.098591484536424	1.8670012120766988	3.317823991617916	5.161578417966908	6.825142605554025	8.625325441929485	12.136613757192444	15.643682196204042	17.853093192076866
Atp2a1	0.2802802802802803	0.20852901138345617	0.2202418386990245	0.23624486251766363	0.24722317672051922	0.2634824642040551	0.2773940859088628	0.28814496203121526	0.3005441067680252	0.3110472087482395	0.3259364311410113	0.3398075922383274
Best3	4.764764764764765	1.4837503858581764	2.083827395344323	3.5188368956479135	4.77829873232185	6.412243212199293	8.25674388905733	10.145192639543016	12.420360724514241	14.767846365344813	17.421270739013	20.732598490822923
Bin1	3.123123123123123	0.954189450674236	1.2442390505547485	2.1195398399222465	3.510192226917652	4.919223263695662	6.704058094075844	8.72180360285188	11.113630900778466	14.015183453204948	16.324051024787796	19.525078470171387
Cacna2d1	1.6416416416416417	0.4520966761181679	0.5913357163596216	0.8456642254843124	1.4914502532062925	3.0413859170969797	4.425142044594335	6.049620542949909	8.656231426156834	11.765292593609072	14.40436581671918	17.28440678737237
Clasp1	1.4414414414414414	0.3415248355805283	0.44811611744227664	0.5882289800889766	1.0355863073455298	1.630052452853463	2.417168661412717	3.612574862393971	5.265331436226785	8.984502942716874	12.918614975205498	17.746212081250267
Clcn1	0.8008008008008007	0.32241726001036036	0.38591896725951774	0.46574766773663495	0.5185421930807264	0.6356882987817022	0.8515588044143115	1.3083141367404363	2.650298335773954	4.8072912599967195	7.796087879844215	12.65759059347476
Cpeb2	0.20020020020020018	0.13462715670295664	0.1430274140256207	0.16204250643979354	0.17560884774410387	0.1860434670196004	0.1988237342243604	0.21069363359401921	0.21789137811428563	0.22818636759068678	0.2532517605663088	0.27419343288269427
Dctn4	0.3203203203203203	0.22009873669667	0.2362008564063215	0.2742984047555661	0.30374571596057043	0.3295287620601614	0.35887905851694224	0.3918224133732176	0.4534896305331317	0.5209210714014385	0.6049406538800661	0.6860961475767817
Eya4	1.2012012012012012	0.42772104981385217	0.49340461288910575	0.668042484813022	0.81355325371324	1.1582189788646677	1.551751550546346	3.0231528011652564	4.88725682989409	7.5044979172759145	11.13172592809605	16.27711367436713
Fbxo31	0.6806806806806807	0.37831155242399706	0.4138241425799784	0.5021332528544322	0.571008902365846	0.6145528320839608	0.6690418885198606	0.737171592367367	0.7966227482134748	0.9421311813355552	1.1743007738316469	1.641461369220655
Fn1	4.804804804804805	0.900098973392801	1.7670635466106919	3.023464112081953	4.251604469579957	5.422889680324931	6.736424212915862	8.489841665777428	9.629215441077816	12.487570811964499	16.48491914107338	19.996516662452407
Jag2	3.2432432432432434	0.9023233069272143	1.3873617233245488	2.544854029210705	3.651861117765687	4.9145648315732595	7.166139376836585	8.637266392497962	10.795202266298745	12.372931051454787	15.530805752511638	19.473265878140808
Kif13a	3.3233233233233235	0.9641208303492652	1.329189445851706	2.382972821596646	3.817608397144556	4.5866053182133735	7.076022783444314	8.293726764965252	9.66238713228388	11.733008747140268	15.64816242816786	19.089694184975336
Ldb3	0.5205205205205206	0.2952427492756907	0.3200430293880252	0.3788800850796116	0.4339008256136402	0.5050244573937323	0.5698500153019982	0.6219364887145701	0.6631015130160577	0.7311433512426926	0.885680979708678	1.008906642040976
Lrrfip2	0.8808808808808809	0.35579148612725686	0.40257059361716935	0.4750946761734628	0.6207026280666659	0.7916039266214915	0.9081006230885129	1.0954383577096578	1.431211273273088	1.994791232169801	4.487932829404837	7.540440125236054
Map3k4	1.8018018018018018	0.47035637371252026	0.5504029254762406	0.8178790916602937	1.258626664640914	2.2051660181370827	3.1933979717580847	4.877755725337245	6.999820890943309	10.324811169352609	14.797439170277924	18.931896891504707
Mbnl1	1.4414414414414414	0.4130250907014117	0.47821707092300286	0.6977036680942004	1.093082210257706	1.7587303857799217	3.2359079272090128	5.513781705948182	7.361080140172803	11.67146288535152	15.329078579067046	19.954907608023966
Mbnl2	1.8418418418418419	0.1888569072795538	0.33378359800232726	0.736008732229081	1.7434162222331162	2.85969361217616	4.645042601800988	6.1184708652036885	8.152381995971345	10.688072302197803	15.252613684409836	17.726694631652443
Mpdz	0.20020020020020018	0.1414795138171783	0.15023674605153897	0.1689119167280391	0.18386293567628909	0.19829274831778626	0.21194755738595206	0.22438087639157747	0.23661606926552586	0.2562085965931582	0.30680115098713895	0.36652032460101847
Neb	0.08008008008008008	0.06529065603010747	0.06943794170158311	0.07316316900168296	0.07643897629361171	0.07898385873860707	0.08245321917352039	0.08495974254583967	0.08805190160712127	0.09158148881370784	0.0979041235720531	0.10173100349114174
Nfix	0.5605605605605606	0.2595549907869807	0.2983985632057371	0.33632586733229297	0.38173375511808383	0.454550545952817	0.5213693309280811	0.5830840138585806	0.6831680041996998	0.8348617928397626	1.1174294582708286	1.411010065087959
Opa1	0.12012012012012012	0.0772636979261516	0.08217875458165368	0.09349477435571953	0.09906730573620295	0.10658459992336285	0.11435099504728835	0.12273210374764948	0.13236331443861005	0.14419447502190783	0.16978485806791035	0.19512634783145197
Phactr4	1.921921921921922	0.6231141159011384	0.7900562806602114	1.1674035126776086	1.7725828843067717	3.456041409045331	5.1070385644012575	6.399653549656549	8.852236464297029	11.313183646733194	14.239155305281223	17.184027319231067
Phka1	0.12012012012012012	0.0749321307243653	0.08008473924374375	0.09975730195481952	0.10381850740439896	0.10769182566234076	0.116060228890077	0.1244115219769453	0.1308617809686363	0.14090002583583539	0.15695991484181543	0.1700033487303256
Ppp1r12b	1.0410410410410411	0.45584545260914233	0.5182096547080239	0.6303636927789089	0.7681688479450324	0.8793893456573078	1.1017004269414825	1.416748560453379	2.707759310555795	4.7855393806144875	10.617961566960329	14.119822816886941
Ppp3cc	1.8818818818818819	0.5832168804041409	0.7143822269281297	0.9225306418283599	1.599354564564073	3.2691601418779817	4.6854840803765425	6.318875511996961	8.382649839415963	11.330979557875052	15.442260401757983	17.52959193828077
Rapgef1	1.7217217217217218	0.4119914939824093	0.5036022895190762	0.7903170534511021	1.4215166867835018	2.556705740697722	3.6194721015236264	5.307293196587192	6.865882102700355	9.17298382060724	14.053075254606265	16.55076522784892
Ryr1	0.5605605605605606	0.27438451010321546	0.3116617781776926	0.36803842277025367	0.41375078113945785	0.48618485541474077	0.5602815878287887	0.6227583879718588	0.7603405980463529	0.8849193853385968	1.3308141643512155	1.9508855570958874
Slc8a3	1.6016016016016015	0.545271622031428	0.765045611699168	0.9616956900890794	1.3114590066331877	2.0436843878939395	2.974657784041956	5.286918998484871	7.221562810175314	9.509727596095464	13.702752359338113	16.275959042287315
Tnik	1.8418418418418419	0.6143973161954729	0.6932533252598363	1.0251514363029235	1.4628481572540057	2.264963120127121	3.2230722539184624	4.421944906570149	6.447040585242393	8.881755395119816	13.19794997837828	17.598357311250236
Trappc9	0.6406406406406406	0.3423139268917931	0.3683160073488399	0.4402844503679575	0.493717852556021	0.567977972146847	0.6373821549400542	0.7213031729016595	0.8290454942739868	1.0326155698848445	1.4967652258715725	2.0431612996673088
Trim55	0.6406406406406406	0.3458982097734997	0.3717028396350351	0.445948598706212	0.5292086889785405	0.6348547146234168	0.7061943758643794	0.7890512037642836	0.882975431311635	1.0099800422688356	1.2004405691692217	1.475046208297461
Ttn	0.16016016016016016	0.11730745499036256	0.12446553865120326	0.13757948685246324	0.14528304591997368	0.15153653287607782	0.16006124648240674	0.16751430278047802	0.17776990904047954	0.18762088117713843	0.19937073131065436	0.2079412102612772
Vps39	1.8818818818818819	0.5396040179854843	0.67655674551982	1.061343304366004	1.609845613138231	2.586280405539821	3.8038726860973933	5.675264460879255	7.614182803266791	9.471010942554242	12.28402541847031	17.039077970672025
